%YAML:1.0
---
R: !!opencv-matrix
   rows: 3
   cols: 3
   dt: d
   data: [ 9.9999427741280689e-01, 3.3363350774078156e-03,
       -5.6036585334133320e-04, -3.3388082158310201e-03,
       9.9998442639138985e-01, -4.4720615359012256e-03,
       5.4543683065232877e-04, 4.4739068982541565e-03,
       9.9998984327628526e-01 ]
T: !!opencv-matrix
   rows: 3
   cols: 1
   dt: d
   data: [ -1.2031605583921380e-01, -4.9434635534030534e-05,
       -9.5633781782646261e-04 ]
R1: !!opencv-matrix
   rows: 3
   cols: 3
   dt: d
   data: [ 9.9996556850100593e-01, 3.7826430666600842e-03,
       7.3860289662580356e-03, -3.7661641899717465e-03,
       9.9999039081097851e-01, -2.2437230222537791e-03,
       -7.3944451958432040e-03, 2.2158287697079792e-03,
       9.9997020569770434e-01 ]
R2: !!opencv-matrix
   rows: 3
   cols: 3
   dt: d
   data: [ 9.9996832739717412e-01, 4.1086012557010383e-04,
       7.9482951917542004e-03, -4.2858231408418368e-04,
       9.9999742591938279e-01, 2.2281094695787694e-03,
       -7.9473592908651438e-03, -2.2314453982987940e-03,
       9.9996592948546814e-01 ]
P1: !!opencv-matrix
   rows: 3
   cols: 4
   dt: d
   data: [ 3.7598172280176612e+00, 0., 5.2965811457093469e+02, 0., 0.,
       3.7598172280176612e+00, 4.6671312338087591e+02, 0., 0., 0., 1.,
       0. ]
P2: !!opencv-matrix
   rows: 3
   cols: 4
   dt: d
   data: [ 3.7598172280176612e+00, 0., 5.2965811457093469e+02,
       -4.5238070762588978e-01, 0., 3.7598172280176612e+00,
       4.6671312338087591e+02, 0., 0., 0., 1., 0. ]
Q: !!opencv-matrix
   rows: 4
   cols: 4
   dt: d
   data: [ 1., 0., 0., -5.2965811457093469e+02, 0., 1., 0.,
       -4.6671312338087591e+02, 0., 0., 0., 3.7598172280176612e+00, 0.,
       0., 8.3111794217514650e+00, 0. ]
