%YAML:1.0
---
KL: !!opencv-matrix
   rows: 3
   cols: 3
   dt: d
   data: [ 3.8422731580304691e+02, 0., 6.8258550915794376e+02, 0.,
       3.8225859766659818e+02, 4.6378435321304806e+02, 0., 0., 1. ]
DL: !!opencv-matrix
   rows: 4
   cols: 1
   dt: d
   data: [ -1.6815982051818189e-02, -2.3213512530280544e-02,
       1.7484878476290780e-02, -6.7229922957735676e-03 ]
KR: !!opencv-matrix
   rows: 3
   cols: 3
   dt: d
   data: [ 3.8532241484340432e+02, 0., 6.8526060690489794e+02, 0.,
       3.8241089625276186e+02, 4.5861600293909282e+02, 0., 0., 1. ]
DR: !!opencv-matrix
   rows: 4
   cols: 1
   dt: d
   data: [ -2.5250438110552182e-02, 1.3219870749457432e-02,
       -2.1806964222788727e-02, 6.7266642917321023e-03 ]
